881
887
889
935
941
943
959
961
962
965
967
968
969
970
1043
1049
1051
1097
1103
1105
1115
1121
1123
1124
1127
1129
1130
1131
1132
1151
1157
1159
1169
1175
1177
1178
1181
1183
1184
1185
1186
1193
1195
1196
1199
1201
1202
1203
1204
1207
1208
1209
1210
1212
1259
1265
1267
1277
1283
1285
1286
1291
1292
1294
1313
1319
1321
1331
1337
1339
1340
1343
1345
1346
1347
1348
1355
1357
1358
1361
1363
1364
1365
1366
1369
1370
1371
1372
1374
1385
1391
1393
1394
1397
1399
1400
1401
1402
1409
1411
1412
1415
1417
1418
1419
1420
1423
1424
1425
1426
1428
1537
1583
1589
1591
1609
1615
1617
1618
1637
1661
1663
1664
1687
1689
1690
1745
1751
1753
1771
1777
1780
1799
1805
1807
1817
1823
1825
1826
1829
1831
1832
1833
1834
1843
1849
1851
1852
1855
1857
1858
1860
1871
1877
1879
1880
1895
1897
1898
1901
1903
1904
1905
1906
1921
1923
1924
1927
1929
1930
1932
1961
1967
1969
1979
1985
1987
1988
1993
1994
1996
2005
2011
2014
2020
2033
2039
2041
2042
2045
2047
2048
2049
2050
2057
2059
2060
2063
2065
2066
2067
2068
2071
2072
2073
2074
2076
2083
2085
2086
2089
2091
2092
2094
2097
2098
2100
2111
2113
2117
2119
2120
2121
2122
2135
2137
2138
2139
2140
2143
2144
2145
2146
2148
2339
2345
2347
2393
2399
2401
2417
2419
2420
2423
2425
2426
2427
2428
2501
2507
2509
2555
2561
2563
2573
2579
2581
2582
2585
2587
2588
2589
2590
2609
2615
2617
2627
2633
2635
2636
2639
2641
2642
2643
2644
2651
2653
2654
2657
2659
2660
2661
2662
2665
2666
2667
2668
2670
2717
2723
2725
2741
2743
2744
2747
2749
2750
2752
2771
2777
2779
2789
2795
2797
2798
2801
2803
2804
2805
2806
2813
2815
2816
2819
2821
2822
2823
2824
2827
2828
2829
2830
2832
2843
2849
2851
2852
2855
2857
2858
2860
2867
2869
2870
2873
2875
2876
2877
2878
2881
2882
2883
2884
2886
2987
2993
2995
3041
3047
3049
3065
3067
3068
3071
3073
3074
3075
3076
3095
3101
3103
3119
3121
3122
3125
3127
3128
3129
3130
3143
3145
3146
3147
3148
3151
3152
3153
3154
3156
3203
3209
3211
3221
3227
3229
3230
3233
3235
3236
3238
3257
3263
3265
3275
3281
3283
3284
3287
3289
3290
3291
3292
3299
3301
3302
3305
3307
3308
3309
3310
3313
3314
3315
3316
3318
3329
3335
3337
3338
3341
3343
3344
3345
3346
3353
3355
3356
3359
3361
3362
3363
3364
3367
3368
3369
3370
3372
3377
3379
3380
3381
3382
3385
3386
3387
3388
3390
3393
3394
3396
3419
3425
3427
3437
3443
3445
3446
3449
3451
3452
3454
3461
3463
3464
3467
3469
3470
3472
3475
3476
3478
3491
3497
3499
3500
3503
3505
3506
3507
3508
3515
3517
3518
3521
3523
3524
3525
3526
3529
3530
3531
3532
3534
3539
3541
3542
3543
3544
3547
3548
3549
3550
3552
3555
3556
3558
3569
3571
3572
3575
3577
3578
3579
3580
3583
3584
3585
3586
3588
3593
3595
3596
3597
3598
3601
3602
3603
3604
3606
3609
3610
3612
3689
3695
3697
3715
3721
3724
3743
3749
3751
3767
3769
3770
3773
3775
3776
3777
3778
3793
3795
3796
3799
3801
3802
3804
3821
3823
3824
3845
3847
3848
3849
3850
3871
3873
3874
3876
3905
3911
3913
3923
3929
3931
3932
3935
3937
3938
3940
3949
3955
3958
3961
3964
3977
3983
3985
3986
3989
3991
3992
3993
3994
4001
4003
4004
4007
4009
4010
4011
4012
4015
4016
4017
4018
4020
4027
4029
4030
4033
4035
4036
4038
4041
4042
4044
4055
4057
4058
4061
4063
4064
4065
4066
4079
4081
4082
4083
4084
4087
4088
4089
4090
4092
4105
4107
4108
4110
4113
4114
4116
4139
4145
4147
4148
4151
4153
4154
4156
4163
4165
4166
4169
4171
4172
4174
4177
4178
4180
4189
4192
4195
4198
4204
4217
4219
4220
4223
4225
4226
4227
4228
4231
4232
4233
4234
4236
4241
4243
4244
4245
4246
4249
4250
4251
4252
4254
4257
4258
4260
4267
4269
4270
4272
4275
4276
4278
4284
4295
4297
4298
4299
4300
4303
4304
4305
4306
4308
4321
4322
4323
4324
4326
4329
4330
4332
4445
4451
4453
4499
4505
4507
4523
4525
4526
4529
4531
4532
4533
4534
4559
4577
4583
4585
4586
4601
4603
4604
4609
4611
4612
4661
4667
4669
4685
4687
4688
4691
4693
4694
4696
4715
4721
4723
4733
4739
4741
4742
4745
4747
4748
4749
4750
4757
4759
4760
4763
4765
4766
4767
4768
4771
4772
4773
4774
4776
4793
4799
4801
4802
4811
4817
4819
4820
4825
4826
4827
4828
4835
4837
4838
4843
4844
4845
4846
4851
4852
4854
4877
4883
4885
4901
4903
4904
4907
4909
4910
4912
4925
4927
4928
4930
4933
4936
4949
4955
4957
4958
4961
4963
4964
4966
4973
4975
4976
4979
4981
4982
4983
4984
4987
4988
4989
4990
4992
4997
4999
5000
5001
5002
5005
5006
5007
5008
5010
5013
5014
5016
5027
5033
5035
5036
5041
5044
5051
5053
5054
5059
5060
5061
5062
5067
5068
5070
5147
5153
5155
5171
5173
5174
5177
5179
5180
5182
5201
5207
5209
5225
5227
5228
5231
5233
5234
5235
5236
5249
5251
5252
5253
5254
5257
5258
5259
5260
5262
5279
5285
5287
5288
5303
5305
5306
5311
5312
5313
5314
5329
5330
5331
5332
5337
5338
5340
5363
5369
5371
5381
5387
5389
5390
5393
5395
5396
5398
5405
5407
5408
5411
5413
5414
5416
5419
5420
5422
5435
5441
5443
5444
5447
5449
5450
5451
5452
5459
5461
5462
5465
5467
5468
5469
5470
5473
5474
5475
5476
5478
5483
5485
5486
5487
5488
5491
5492
5493
5494
5496
5499
5500
5502
5513
5519
5521
5522
5527
5528
5529
5530
5537
5539
5540
5545
5546
5547
5548
5553
5554
5556
5563
5564
5565
5566
5571
5572
5574
5580
5597
5603
5605
5606
5609
5611
5612
5614
5621
5623
5624
5627
5629
5630
5632
5635
5636
5638
5645
5647
5648
5650
5653
5654
5656
5662
5675
5677
5678
5681
5683
5684
5685
5686
5689
5690
5691
5692
5694
5699
5701
5702
5703
5704
5707
5708
5709
5710
5712
5715
5716
5718
5725
5726
5727
5728
5730
5733
5734
5736
5742
5753
5755
5756
5761
5762
5763
5764
5769
5770
5772
5779
5780
5781
5782
5787
5788
5790
5796
5873
5875
5876
5879
5881
5882
5884
5899
5902
5905
5908
5927
5929
5930
5933
5935
5936
5937
5938
5951
5953
5954
5955
5956
5959
5960
5961
5962
5964
5977
5979
5980
5982
5985
5986
5988
6005
6007
6008
6031
6032
6033
6034
6057
6058
6060
6083
6089
6091
6092
6095
6097
6098
6100
6107
6109
6110
6113
6115
6116
6118
6121
6122
6124
6133
6136
6139
6142
6148
6161
6163
6164
6167
6169
6170
6171
6172
6175
6176
6177
6178
6180
6185
6187
6188
6189
6190
6193
6194
6195
6196
6198
6201
6202
6204
6211
6213
6214
6216
6219
6220
6222
6228
6239
6241
6242
6247
6248
6249
6250
6265
6266
6267
6268
6273
6274
6276
6292
6294
6300
6323
6325
6329
6331
6332
6334
6337
6340
6347
6349
6350
6352
6355
6356
6358
6364
6373
6376
6382
6401
6403
6404
6405
6406
6409
6410
6411
6412
6414
6417
6418
6420
6427
6428
6429
6430
6432
6435
6436
6438
6444
6454
6456
6462
6481
6483
6484
6489
6490
6492
6508
6510
6516
6713
6719
6721
6767
6773
6775
6785
6791
6793
6794
6797
6799
6800
6801
6802
6875
6881
6883
6929
6935
6937
6947
6953
6955
6956
6959
6961
6962
6963
6964
6983
6989
6991
7001
7007
7009
7010
7013
7015
7016
7017
7018
7025
7027
7028
7031
7033
7034
7035
7036
7039
7040
7041
7042
7044
7091
7097
7099
7115
7117
7118
7123
7124
7125
7126
7145
7151
7153
7163
7169
7171
7172
7175
7177
7178
7179
7180
7187
7189
7190
7193
7195
7196
7197
7198
7201
7202
7203
7204
7206
7217
7223
7225
7226
7229
7231
7232
7234
7241
7243
7244
7247
7249
7250
7251
7252
7255
7256
7257
7258
7260
7361
7367
7369
7415
7421
7423
7433
7439
7441
7442
7445
7447
7448
7449
7450
7469
7475
7477
7487
7493
7495
7496
7499
7501
7502
7503
7504
7511
7513
7514
7517
7519
7520
7521
7522
7525
7526
7527
7528
7530
7577
7583
7585
7595
7601
7603
7604
7609
7610
7611
7612
7631
7637
7639
7649
7655
7657
7658
7661
7663
7664
7665
7666
7673
7675
7676
7679
7681
7682
7683
7684
7687
7688
7689
7690
7692
7703
7709
7711
7712
7715
7717
7718
7719
7720
7727
7729
7730
7733
7735
7736
7737
7738
7741
7742
7743
7744
7746
7751
7753
7754
7755
7756
7759
7760
7761
7762
7764
7767
7768
7770
7793
7799
7801
7811
7817
7819
7820
7825
7826
7827
7828
7835
7837
7838
7843
7844
7845
7846
7851
7852
7854
7865
7871
7873
7874
7877
7879
7880
7881
7882
7889
7891
7892
7895
7897
7898
7899
7900
7903
7904
7905
7906
7908
7913
7915
7916
7917
7918
7921
7922
7923
7924
7926
7929
7930
7932
7943
7945
7946
7949
7951
7952
7953
7954
7957
7958
7959
7960
7962
7967
7969
7970
7971
7972
7975
7976
7977
7978
7980
7983
7984
7986
8063
8069
8071
8089
8095
8097
8098
8117
8123
8125
8135
8141
8143
8144
8147
8149
8150
8151
8152
8161
8167
8169
8170
8173
8175
8176
8178
8189
8195
8197
8198
8213
8215
8216
8219
8221
8222
8223
8224
8239
8241
8242
8245
8247
8248
8250
8279
8285
8287
8297
8303
8305
8306
8311
8312
8313
8314
8323
8329
8331
8332
8337
8338
8340
8351
8357
8359
8360
8363
8365
8366
8367
8368
8375
8377
8378
8381
8383
8384
8385
8386
8389
8390
8391
8392
8394
8401
8403
8404
8407
8409
8410
8412
8415
8416
8418
8429
8431
8432
8435
8437
8438
8439
8440
8453
8455
8456
8457
8458
8461
8462
8463
8464
8466
8479
8481
8482
8484
8487
8488
8490
8513
8519
8521
8522
8527
8528
8529
8530
8537
8539
8540
8545
8546
8547
8548
8553
8554
8556
8563
8565
8566
8571
8572
8574
8580
8591
8593
8594
8597
8599
8600
8601
8602
8605
8606
8607
8608
8610
8615
8617
8618
8619
8620
8623
8624
8625
8626
8628
8631
8632
8634
8641
8643
8644
8646
8649
8650
8652
8658
8669
8671
8672
8673
8674
8677
8678
8679
8680
8682
8695
8696
8697
8698
8700
8703
8704
8706
8819
8825
8827
8873
8879
8881
8891
8897
8899
8900
8903
8905
8906
8907
8908
8927
8933
8935
8945
8951
8953
8954
8957
8959
8960
8961
8962
8969
8971
8972
8975
8977
8978
8979
8980
8983
8984
8985
8986
8988
9035
9041
9043
9059
9061
9062
9065
9067
9068
9069
9070
9089
9095
9097
9107
9113
9115
9116
9119
9121
9122
9123
9124
9131
9133
9134
9137
9139
9140
9141
9142
9145
9146
9147
9148
9150
9161
9167
9169
9170
9173
9175
9176
9178
9185
9187
9188
9191
9193
9194
9195
9196
9199
9200
9201
9202
9204
9209
9211
9212
9213
9214
9217
9218
9219
9220
9222
9225
9226
9228
9251
9257
9259
9275
9277
9278
9281
9283
9284
9285
9286
9299
9301
9302
9303
9304
9307
9308
9309
9310
9312
9323
9329
9331
9332
9335
9337
9338
9340
9347
9349
9350
9353
9355
9356
9357
9358
9361
9362
9363
9364
9366
9371
9373
9374
9375
9376
9379
9380
9381
9382
9384
9387
9388
9390
9401
9403
9404
9407
9409
9410
9412
9415
9416
9418
9425
9427
9428
9429
9430
9433
9434
9435
9436
9438
9441
9442
9444
9521
9527
9529
9539
9545
9547
9548
9551
9553
9554
9555
9556
9575
9581
9583
9593
9599
9601
9602
9605
9607
9608
9609
9610
9617
9619
9620
9623
9625
9626
9627
9628
9631
9632
9633
9634
9636
9647
9653
9655
9656
9659
9661
9662
9663
9664
9671
9673
9674
9677
9679
9680
9681
9682
9685
9686
9687
9688
9690
9695
9697
9698
9699
9700
9703
9704
9705
9706
9708
9711
9712
9714
9737
9743
9745
9755
9761
9763
9764
9767
9769
9770
9771
9772
9779
9781
9782
9785
9787
9788
9789
9790
9793
9794
9795
9796
9798
9809
9815
9817
9818
9821
9823
9824
9825
9826
9833
9835
9836
9839
9841
9842
9843
9844
9847
9848
9849
9850
9852
9857
9859
9860
9861
9862
9865
9866
9867
9868
9870
9873
9874
9876
9887
9889
9890
9893
9895
9896
9897
9898
9901
9902
9903
9904
9906
9911
9913
9914
9915
9916
9919
9920
9921
9922
9924
9927
9928
9930
9937
9938
9939
9940
9942
9945
9946
9948
9954
9971
9977
9979
9980
9983
9985
9986
9987
9988
9995
9997
9998
10001
10003
10004
10005
10006
10009
10010
10011
10012
10014
10019
10021
10022
10023
10024
10027
10028
10029
10030
10032
10035
10036
10038
10049
10051
10052
10055
10057
10058
10059
10060
10063
10064
10065
10066
10068
10073
10075
10076
10077
10078
10081
10082
10083
10084
10086
10089
10090
10092
10099
10100
10101
10102
10104
10107
10108
10110
10116
10127
10129
10130
10131
10132
10135
10136
10137
10138
10140
10143
10144
10146
10153
10154
10155
10156
10158
10161
10162
10164
10170
10241
10247
10249
10250
10253
10255
10256
10257
10258
10267
10273
10275
10276
10279
10281
10282
10284
10295
10301
10303
10304
10307
10309
10310
10311
10312
10319
10321
10322
10325
10327
10328
10329
10330
10333
10334
10335
10336
10338
10345
10347
10348
10351
10353
10354
10356
10359
10360
10362
10373
10375
10376
10379
10381
10382
10383
10384
10397
10399
10400
10401
10402
10405
10406
10407
10408
10410
10423
10425
10426
10428
10431
10432
10434
10457
10463
10465
10466
10469
10471
10472
10473
10474
10481
10483
10484
10487
10489
10490
10491
10492
10495
10496
10497
10498
10500
10507
10509
10510
10513
10515
10516
10518
10521
10522
10524
10535
10537
10538
10541
10543
10544
10545
10546
10549
10550
10551
10552
10554
10559
10561
10562
10563
10564
10567
10568
10569
10570
10572
10575
10576
10578
10585
10587
10588
10590
10593
10594
10596
10602
10613
10615
10616
10617
10618
10621
10622
10623
10624
10626
10639
10640
10641
10642
10644
10647
10648
10650
10666
10668
10674
10697
10699
10700
10703
10705
10706
10707
10708
10711
10712
10713
10714
10716
10721
10723
10724
10725
10726
10729
10730
10731
10732
10734
10737
10738
10740
10747
10749
10750
10752
10755
10756
10758
10764
10775
10777
10778
10779
10780
10783
10784
10785
10786
10788
10791
10792
10794
10801
10802
10803
10804
10806
10809
10810
10812
10818
10828
10830
10836
10855
10856
10857
10858
10860
10863
10864
10866
10882
10884
10890
10979
10985
10987
11003
11005
11006
11009
11011
11012
11013
11014
11033
11039
11041
11051
11057
11059
11060
11063
11065
11066
11067
11068
11075
11077
11078
11081
11083
11084
11085
11086
11089
11090
11091
11092
11094
11111
11117
11119
11120
11129
11135
11137
11138
11143
11144
11145
11146
11153
11155
11156
11161
11162
11163
11164
11169
11170
11172
11195
11201
11203
11219
11221
11222
11225
11227
11228
11229
11230
11243
11245
11246
11247
11248
11251
11252
11253
11254
11256
11267
11273
11275
11276
11279
11281
11282
11284
11291
11293
11294
11297
11299
11300
11301
11302
11305
11306
11307
11308
11310
11315
11317
11318
11319
11320
11323
11324
11325
11326
11328
11331
11332
11334
11345
11351
11353
11354
11359
11360
11362
11369
11371
11372
11377
11378
11379
11380
11385
11386
11388
11395
11396
11397
11398
11403
11404
11406
11412
11435
11437
11438
11441
11443
11444
11446
11459
11461
11462
11463
11464
11467
11468
11469
11470
11472
11485
11486
11487
11488
11490
11493
11494
11496
11507
11509
11510
11513
11515
11516
11518
11521
11522
11524
11531
11533
11534
11535
11536
11539
11540
11541
11542
11544
11547
11548
11550
11557
11558
11559
11560
11562
11565
11566
11568
11574
11585
11587
11588
11593
11594
11596
11602
11611
11612
11613
11614
11619
11620
11622
11628
11699
11705
11707
11708
11711
11713
11714
11715
11716
11723
11725
11726
11729
11731
11732
11733
11734
11737
11738
11739
11740
11742
11753
11759
11761
11762
11765
11767
11768
11769
11770
11777
11779
11780
11783
11785
11786
11787
11788
11791
11792
11793
11794
11796
11801
11803
11804
11805
11806
11809
11810
11811
11812
11814
11817
11818
11820
11831
11837
11839
11840
11845
11846
11847
11848
11855
11857
11858
11863
11864
11865
11866
11871
11872
11874
11881
11882
11883
11884
11889
11890
11892
11898
11915
11921
11923
11924
11927
11929
11930
11931
11932
11939
11941
11942
11945
11947
11948
11949
11950
11953
11954
11955
11956
11958
11963
11965
11966
11967
11968
11971
11972
11973
11974
11976
11979
11980
11982
11993
11995
11996
11999
12001
12002
12003
12004
12007
12008
12009
12010
12012
12017
12019
12020
12021
12022
12025
12026
12027
12028
12030
12033
12034
12036
12043
12044
12045
12046
12048
12051
12052
12054
12060
12071
12073
12074
12079
12080
12081
12082
12087
12088
12090
12097
12098
12099
12100
12105
12106
12108
12114
12124
12126
12132
12155
12157
12158
12161
12163
12164
12165
12166
12169
12170
12171
12172
12174
12179
12181
12182
12183
12184
12187
12188
12189
12190
12192
12195
12196
12198
12205
12206
12207
12208
12210
12213
12214
12216
12222
12233
12235
12236
12237
12238
12241
12242
12243
12244
12246
12249
12250
12252
12259
12260
12261
12262
12264
12267
12268
12270
12276
12286
12288
12294
12313
12314
12315
12316
12321
12322
12324
12330
12340
12342
12348
12425
12427
12428
12431
12433
12434
12435
12436
12439
12440
12441
12442
12444
12451
12453
12454
12457
12459
12460
12462
12465
12466
12468
12479
12481
12482
12485
12487
12488
12489
12490
12493
12494
12495
12496
12498
12503
12505
12506
12507
12508
12511
12512
12513
12514
12516
12519
12520
12522
12529
12531
12532
12534
12537
12538
12540
12546
12557
12559
12560
12565
12566
12567
12568
12583
12584
12585
12586
12591
12592
12594
12610
12612
12618
12641
12643
12644
12647
12649
12650
12651
12652
12655
12656
12657
12658
12660
12665
12667
12668
12669
12670
12673
12674
12675
12676
12678
12681
12682
12684
12691
12693
12694
12696
12699
12700
12702
12708
12719
12721
12722
12723
12724
12727
12728
12729
12730
12732
12735
12736
12738
12745
12746
12747
12748
12750
12753
12754
12756
12762
12772
12774
12780
12799
12800
12801
12802
12807
12808
12810
12826
12828
12834
12881
12883
12884
12885
12886
12889
12890
12891
12892
12894
12897
12898
12900
12907
12908
12909
12910
12912
12915
12916
12918
12924
12934
12936
12942
12961
12962
12963
12964
12966
12969
12970
12972
12978
12988
12990
12996
13042
13044
13050
13193
13199
13201
13247
13253
13255
13265
13271
13273
13274
13277
13279
13280
13281
13282
13309
13327
13333
13335
13336
13345
13351
13353
13354
13357
13359
13360
13409
13415
13417
13433
13435
13436
13441
13442
13443
13444
13463
13469
13471
13481
13487
13489
13490
13493
13495
13496
13497
13498
13505
13507
13508
13511
13513
13514
13515
13516
13519
13520
13521
13522
13524
13543
13549
13552
13561
13567
13569
13570
13573
13575
13576
13578
13585
13587
13588
13591
13593
13594
13596
13599
13600
13602
13625
13649
13651
13652
13675
13676
13677
13678
13697
13703
13705
13706
13721
13723
13724
13727
13729
13730
13731
13732
13745
13747
13748
13749
13750
13753
13754
13755
13756
13758
13777
13783
13786
13801
13803
13804
13807
13809
13810
13812
13895
13901
13903
13913
13919
13921
13922
13927
13928
13929
13930
13949
13955
13957
13967
13973
13975
13976
13979
13981
13982
13983
13984
13991
13993
13994
13997
13999
14000
14001
14002
14005
14006
14007
14008
14010
14029
14035
14037
14038
14047
14053
14055
14056
14059
14061
14062
14064
14071
14073
14074
14077
14079
14080
14082
14085
14086
14088
14111
14117
14119
14129
14135
14137
14138
14143
14144
14145
14146
14153
14155
14156
14161
14162
14163
14164
14169
14170
14172
14183
14189
14191
14192
14195
14197
14198
14199
14200
14207
14209
14210
14213
14215
14216
14217
14218
14221
14222
14223
14224
14226
14231
14233
14234
14235
14236
14239
14240
14241
14242
14244
14247
14248
14250
14263
14269
14271
14272
14275
14277
14278
14280
14287
14289
14290
14293
14295
14296
14298
14301
14302
14304
14311
14313
14314
14316
14319
14320
14322
14328
14345
14351
14353
14354
14369
14371
14372
14377
14378
14379
14380
14395
14396
14397
14398
14403
14404
14406
14423
14425
14426
14429
14431
14432
14433
14434
14447
14449
14450
14451
14452
14455
14456
14457
14458
14460
14473
14474
14475
14476
14478
14481
14482
14484
14503
14505
14506
14509
14511
14512
14514
14527
14529
14530
14532
14535
14536
14538
14615
14621
14623
14624
14629
14630
14631
14632
14641
14647
14649
14650
14655
14656
14669
14675
14677
14678
14681
14683
14684
14685
14686
14693
14695
14696
14699
14701
14702
14703
14704
14707
14708
14709
14710
14712
14719
14721
14722
14725
14727
14728
14730
14733
14734
14736
14749
14755
14757
14758
14773
14775
14776
14779
14781
14782
14784
14797
14799
14800
14805
14806
14808
14831
14837
14839
14840
14845
14846
14847
14848
14855
14857
14858
14863
14864
14865
14866
14871
14872
14874
14881
14883
14884
14889
14890
14892
14898
14909
14911
14912
14915
14917
14918
14919
14920
14923
14924
14925
14926
14928
14933
14935
14936
14937
14938
14941
14942
14943
14944
14946
14949
14950
14952
14959
14961
14962
14964
14967
14968
14970
14976
14989
14991
14992
14995
14997
14998
15000
15013
15015
15016
15018
15021
15022
15024
15040
15042
15048
15071
15073
15079
15080
15081
15082
15097
15098
15099
15100
15105
15106
15108
15123
15124
15132
15149
15151
15152
15153
15154
15157
15158
15159
15160
15162
15175
15176
15177
15178
15180
15183
15184
15186
15202
15204
15210
15229
15231
15232
15237
15238
15240
15256
15258
15264
15353
15359
15361
15377
15379
15380
15383
15385
15386
15387
15388
15407
15413
15415
15425
15431
15433
15434
15437
15439
15440
15441
15442
15449
15451
15452
15455
15457
15458
15459
15460
15463
15464
15465
15466
15468
15487
15493
15496
15505
15511
15513
15514
15517
15519
15520
15522
15529
15531
15532
15535
15537
15538
15540
15543
15544
15546
15569
15575
15577
15593
15595
15596
15599
15601
15602
15603
15604
15617
15619
15620
15621
15622
15625
15626
15627
15628
15630
15641
15647
15649
15650
15653
15655
15656
15658
15665
15667
15668
15671
15673
15674
15675
15676
15679
15680
15681
15682
15684
15689
15691
15692
15693
15694
15697
15698
15699
15700
15702
15705
15706
15708
15721
15727
15730
15733
15736
15745
15747
15748
15751
15753
15754
15756
15759
15760
15762
15769
15771
15772
15774
15777
15778
15780
15786
15809
15811
15812
15833
15835
15836
15837
15838
15859
15860
15861
15862
15864
15881
15883
15884
15887
15889
15890
15892
15905
15907
15908
15909
15910
15913
15914
15915
15916
15918
15931
15932
15933
15934
15936
15939
15940
15942
15961
15964
15967
15970
15985
15987
15988
15990
15993
15994
15996
16073
16079
16081
16082
16085
16087
16088
16089
16090
16097
16099
16100
16103
16105
16106
16107
16108
16111
16112
16113
16114
16116
16127
16133
16135
16136
16139
16141
16142
16143
16144
16151
16153
16154
16157
16159
16160
16161
16162
16165
16166
16167
16168
16170
16175
16177
16178
16179
16180
16183
16184
16185
16186
16188
16191
16192
16194
16207
16213
16215
16216
16219
16221
16222
16224
16231
16233
16234
16237
16239
16240
16242
16245
16246
16248
16255
16257
16258
16260
16263
16264
16266
16272
16289
16295
16297
16298
16301
16303
16304
16305
16306
16313
16315
16316
16319
16321
16322
16323
16324
16327
16328
16329
16330
16332
16337
16339
16340
16341
16342
16345
16346
16347
16348
16350
16353
16354
16356
16367
16369
16370
16373
16375
16376
16377
16378
16381
16382
16383
16384
16386
16391
16393
16394
16395
16396
16399
16400
16401
16402
16404
16407
16408
16410
16417
16418
16419
16420
16422
16425
16426
16428
16434
16447
16449
16450
16453
16455
16456
16458
16461
16462
16464
16471
16473
16474
16476
16479
16480
16482
16488
16498
16500
16506
16529
16531
16532
16535
16537
16538
16539
16540
16553
16555
16556
16557
16558
16561
16562
16563
16564
16566
16579
16580
16581
16582
16584
16587
16588
16590
16607
16609
16610
16611
16612
16615
16616
16617
16618
16620
16633
16634
16635
16636
16638
16641
16642
16644
16660
16662
16668
16687
16689
16690
16692
16695
16696
16698
16714
16716
16722
16799
16801
16802
16805
16807
16808
16809
16810
16813
16814
16815
16816
16818
16825
16827
16828
16831
16833
16834
16836
16839
16840
16842
16853
16855
16856
16859
16861
16862
16863
16864
16867
16868
16869
16870
16872
16877
16879
16880
16881
16882
16885
16886
16887
16888
16890
16893
16894
16896
16903
16905
16906
16908
16911
16912
16914
16920
16933
16935
16936
16939
16941
16942
16944
16957
16959
16960
16962
16965
16966
16968
16984
16986
16992
17015
17017
17018
17021
17023
17024
17025
17026
17029
17030
17031
17032
17034
17039
17041
17042
17043
17044
17047
17048
17049
17050
17052
17055
17056
17058
17065
17067
17068
17070
17073
17074
17076
17082
17093
17095
17096
17097
17098
17101
17102
17103
17104
17106
17109
17110
17112
17119
17120
17121
17122
17124
17127
17128
17130
17136
17146
17148
17154
17173
17175
17176
17178
17181
17182
17184
17200
17202
17208
17255
17257
17258
17259
17260
17263
17264
17265
17266
17268
17281
17282
17283
17284
17286
17289
17290
17292
17308
17310
17316
17335
17336
17337
17338
17340
17343
17344
17346
17362
17364
17370
17416
17418
17424
17537
17539
17540
17543
17545
17546
17547
17548
17561
17563
17564
17565
17566
17569
17571
17572
17585
17591
17593
17594
17597
17599
17600
17602
17609
17611
17612
17615
17617
17618
17619
17620
17623
17624
17625
17626
17628
17633
17635
17636
17637
17638
17641
17642
17643
17644
17646
17649
17650
17652
17671
17677
17680
17689
17695
17697
17698
17703
17704
17706
17713
17715
17716
17721
17722
17724
17753
17755
17756
17759
17761
17762
17764
17777
17779
17780
17781
17782
17785
17786
17787
17788
17790
17803
17804
17805
17806
17808
17811
17812
17814
17825
17827
17828
17831
17833
17834
17836
17839
17840
17842
17849
17851
17852
17853
17854
17857
17858
17859
17860
17862
17865
17866
17868
17875
17876
17877
17878
17880
17883
17884
17886
17892
17905
17911
17914
17920
17929
17931
17932
17937
17938
17940
17946
17956
17958
17964
17993
17995
17996
17998
18019
18020
18021
18022
18024
18045
18046
18048
18065
18067
18068
18070
18073
18074
18076
18091
18092
18093
18094
18096
18099
18100
18102
18118
18120
18126
18145
18148
18154
18172
18174
18180
18257
18259
18260
18263
18265
18266
18267
18268
18271
18272
18273
18274
18276
18281
18283
18284
18285
18286
18289
18290
18291
18292
18294
18297
18298
18300
18311
18313
18314
18317
18319
18320
18321
18322
18325
18326
18327
18328
18330
18335
18337
18338
18339
18340
18343
18344
18345
18346
18348
18351
18352
18354
18361
18362
18363
18364
18366
18369
18370
18372
18378
18391
18397
18399
18400
18405
18406
18408
18415
18417
18418
18423
18424
18426
18432
18442
18444
18450
18473
18475
18476
18479
18481
18482
18483
18484
18487
18488
18489
18490
18492
18497
18499
18500
18501
18502
18505
18506
18507
18508
18510
18513
18514
18516
18523
18524
18525
18526
18528
18531
18532
18534
18540
18551
18553
18554
18555
18556
18559
18560
18561
18562
18564
18567
18568
18570
18577
18578
18579
18580
18582
18585
18586
18588
18594
18604
18606
18612
18631
18633
18634
18639
18640
18642
18648
18658
18660
18666
18713
18715
18716
18717
18718
18721
18722
18723
18724
18726
18739
18740
18741
18742
18744
18747
18748
18750
18766
18768
18774
18793
18794
18795
18796
18798
18801
18802
18804
18820
18822
18828
18874
18876
18882
