233
239
241
395
401
403
449
455
457
467
473
475
479
481
483
557
563
565
611
617
619
629
635
637
641
643
645
665
671
673
683
689
691
695
697
699
890
944
953
1052
1106
1160
1268
1289
1293
1322
1436
1438
1442
1444
1446
1450
1452
1538
1592
1610
1616
1646
1655
1670
1672
1681
1688
1694
1696
1698
1754
1772
1778
1779
1808
1844
1850
1856
1886
1888
1910
1912
1914
1922
1928
1936
1938
1970
1991
1995
2006
2012
2013
2017
2019
2084
2090
2114
2126
2128
2130
2152
2154
2162
2164
2166
2170
2172
2178
2348
2402
2411
2510
2564
2618
2726
2735
2751
2780
2859
2894
2896
2900
2902
2904
2908
2910
2996
3050
3059
3104
3113
3137
3139
3212
3237
3266
3428
3453
3471
3477
3620
3622
3624
3628
3630
3636
3698
3716
3722
3723
3752
3761
3787
3794
3800
3815
3830
3832
3839
3841
3854
3856
3858
3865
3867
3872
3880
3882
3914
3939
3950
3956
3957
3962
3963
4028
4034
4070
4072
4074
4096
4098
4106
4122
4155
4173
4179
4190
4191
4196
4197
4203
4268
4312
4314
4338
4348
4350
4356
4454
4508
4517
4562
4580
4588
4595
4606
4610
4614
4670
4679
4695
4724
4796
4804
4814
4822
4830
4840
4848
4886
4895
4911
4919
4921
4929
4934
4935
4965
5030
5038
5042
5043
5056
5064
5078
5080
5082
5086
5088
5094
5156
5165
5181
5210
5219
5243
5245
5282
5290
5297
5308
5316
5321
5323
5334
5372
5397
5415
5421
5516
5524
5532
5542
5550
5568
5613
5631
5637
5649
5655
5661
5758
5766
5784
5806
5808
5814
5849
5855
5857
5867
5883
5893
5900
5901
5906
5907
5921
5945
5947
5971
5973
5978
5999
6010
6014
6016
6018
6023
6025
6036
6040
6042
6049
6051
6066
6099
6117
6123
6134
6135
6140
6141
6147
6212
6244
6252
6256
6258
6270
6282
6291
6326
6333
6338
6339
6351
6357
6363
6374
6375
6381
6453
6482
6486
6498
6507
6722
6776
6884
6938
6992
7100
7109
7121
7154
7233
7268
7270
7274
7276
7278
7282
7284
7370
7424
7478
7586
7607
7640
7802
7823
7841
7849
7994
7996
7998
8002
8004
8010
8072
8090
8096
8126
8162
8168
8174
8204
8206
8228
8230
8232
8240
8246
8254
8256
8288
8309
8324
8330
8335
8402
8408
8444
8446
8448
8470
8472
8480
8496
8525
8543
8551
8564
8569
8577
8642
8686
8688
8712
8722
8724
8730
8828
8882
8936
9044
9053
9098
9177
9260
9269
9293
9295
9339
9411
9417
9452
9454
9456
9460
9462
9468
9530
9584
9746
10180
10182
10188
10223
10229
10231
10268
10274
10280
10346
10352
10388
10390
10392
10414
10416
10424
10440
10508
10514
10586
10630
10632
10656
10665
10748
10827
10872
10881
10988
10997
11042
11114
11122
11132
11140
11148
11158
11166
11204
11213
11237
11239
11283
11348
11356
11361
11374
11382
11400
11429
11445
11453
11455
11477
11479
11481
11517
11523
11590
11595
11601
11616
11638
11640
11646
11681
11687
11689
11834
11842
11850
11860
11868
11886
12076
12084
12102
12123
12285
12318
12339
12401
12407
12409
12413
12415
12417
12452
12458
12530
12562
12570
12574
12576
12588
12600
12609
12692
12771
12804
12816
12825
12933
12987
13041
13202
13256
13310
13328
13334
13346
13352
13358
13362
13418
13427
13439
13472
13544
13550
13551
13562
13568
13574
13586
13592
13634
13643
13658
13660
13667
13669
13673
13684
13686
13712
13714
13736
13738
13740
13762
13764
13778
13784
13785
13790
13792
13802
13808
13816
13818
13826
13828
13830
13834
13836
13842
13904
13925
13958
14030
14036
14048
14054
14060
14072
14078
14120
14141
14159
14167
14264
14270
14276
14288
14294
14312
14360
14362
14375
14386
14388
14393
14401
14412
14438
14440
14442
14464
14466
14490
14504
14510
14518
14520
14528
14544
14554
14556
14562
14597
14603
14605
14627
14642
14648
14653
14658
14720
14726
14750
14756
14762
14764
14766
14774
14780
14788
14790
14798
14802
14814
14843
14861
14869
14882
14887
14895
14960
14990
14996
15004
15006
15014
15030
15039
15074
15077
15088
15090
15095
15103
15114
15121
15126
15129
15166
15168
15192
15201
15230
15234
15246
15255
15362
15371
15416
15488
15494
15495
15506
15512
15518
15530
15536
15578
15587
15611
15613
15657
15722
15728
15729
15734
15735
15746
15752
15770
15803
15818
15820
15827
15829
15842
15844
15846
15851
15853
15855
15868
15870
15891
15896
15898
15922
15924
15948
15962
15963
15968
15969
15976
15986
16002
16012
16014
16020
16055
16061
16063
16208
16214
16220
16232
16238
16256
16448
16454
16472
16497
16544
16546
16548
16570
16572
16596
16624
16626
16650
16659
16688
16704
16713
16775
16781
16783
16787
16789
16791
16826
16832
16904
16934
16940
16948
16950
16958
16974
16983
17066
17145
17174
17190
17199
17272
17274
17298
17307
17352
17361
17415
17513
17519
17521
17531
17555
17557
17570
17574
17601
17666
17672
17674
17678
17679
17690
17692
17696
17700
17714
17718
17730
17747
17763
17771
17773
17795
17797
17799
17835
17841
17906
17908
17912
17913
17919
17930
17934
17955
17987
17989
17997
18002
18004
18011
18013
18015
18028
18030
18037
18039
18054
18069
18075
18082
18108
18117
18146
18147
18153
18171
18233
18239
18241
18245
18247
18249
18392
18394
18398
18402
18416
18420
18441
18603
18632
18636
18657
18730
18732
18756
18765
18810
18819
18873
18986
18988
18992
18994
18996
19000
19002
19010
19012
19014
19018
19020
19026
19040
19042
19046
19048
19050
19054
19056
19064
19066
19068
19072
19074
19080
19090
19092
19098
19118
19120
19122
19126
19128
19134
19144
19146
19152
19202
19204
19208
19210
19212
19216
19218
19226
19228
19230
19234
19236
19242
19252
19254
19260
19280
19282
19284
19288
19290
19296
19306
19308
19314
19360
19362
19368
19442
19444
19446
19450
19452
19458
19468
19470
19476
19522
19524
19530
